[Board]
left = 59.25699053663261
top = 59.25699053663261
width = 479.7914862036731
height = 539.9943243603182
