[Board]
left = 100.9842518655
top = 100.9842518655
width = 542.125983699
height = 602.36220411
